QGC WPL 110
0	0	0	16	0.000000	0.000000	0.000000	0.000000	37.102177	-76.387207	0.000000	1
1	0	0	178	0.000000	50.000000	0.000000	0.000000	0       	 0              0.000000	1
2	0	0	16	0.000000	0.000000	0.000000	0.000000	37.102177	-76.387207	50.000000	1
3	0	3	16	0.000000	0.000000	0.000000	0.000000	37.119335	-76.387207	50.000000	1
4	0	3	16	0.000000	0.000000	0.000000	0.000000	37.119335	-76.367207	50.000000	1
5	0	3	16	0.000000	0.000000	0.000000	0.000000	37.119335	-76.347207	50.000000	1
6	0	3	16	0.000000	0.000000	0.000000	0.000000	37.129335	-76.341207	100.000000	1
8	0	3	16	0.000000	0.000000	0.000000	0.000000	37.129335	-76.330207	100.000000	1
7	0	0	178	0.000000	10.000000	0.000000	0.000000	0       	 0              0.000000	1
9	0	3	16	0.000000	0.000000	0.000000	0.000000	37.129335	-76.325207	100.000000	1
10	0	3	16	0.000000	0.000000	0.000000	0.000000	37.129335	-76.325207	10.000000	1
