QGC WPL 110
0	0	0	16	0.000000	0.000000	0.000000	0.000000	38.906021	-77.046822	5.000000	1
1	0	3	16	0.000000	0.000000	0.000000	0.000000	38.909637	-77.043526	10.000000	1
2	0	3	16	0.000000	0.000000	0.000000	0.000000	38.912113	-77.050728	10.000000	1
3	0	3	16	0.000000	0.000000	0.000000	0.000000	38.915306	-77.062042	10.000000	1
4	0	3	16	0.000000	0.000000	0.000000	0.000000	38.897762	-77.067497	10.000000	1
5	0	3	16	0.000000	0.000000	0.000000	0.000000	38.898628	-77.036697	10.000000	1
6	0	3	16	0.000000	0.000000	0.000000	0.000000	38.905685	-77.032005	10.000000	1
7	0	3	16	0.000000	0.000000	0.000000	0.000000	38.909561	-77.043518	10.000000	1
8	0	3	16	0.000000	0.000000	0.000000	0.000000	38.898552	-77.036743	10.000000	1
